0.8042313658693188
0.5195820882485191
0.5622466737346364
0.5468537178074864
0.7712165118417976
0.7835377962250674
0.7760139366102736
0.6327823272236611
0.843047626387722
0.7134025074597423
0.5161056258628185
0.7294680943062123
0.5015513047831223
0.745167036528936
0.5006539307598743
0.7364608524740464
0.8769071748810827
0.6524619324065284
0.6643591788604063
0.8124713904305553
0.7261729657491536
0.7255545816259047
0.7217316041818652
0.7699371751790249
0.7194486396903559
0.6954316822563189
0.7385511792887081
0.7355747480546904
0.5020703142027542
0.6878853986455123
0.5450006887744225
0.43359655093435634
0.5229343002589539
0.7687527966455598
0.6931813608728442
0.7614894772630705
0.6780057116424212
0.7065777726345068
0.5312753322059164
0.4807970882212765
0.7685488207925986
0.7516243580994775
0.7366572280154144
0.7563660849527696
0.7487738639849284
0.6853048385385178
0.6405045459596719
0.6103528675971454
0.551354528096624
0.7777216539974866
0.7887755277279954
0.6027675311114757
0.543543481349472
0.57766196445539
0.491944519503281
0.6037843856361135
0.6598291108278169
0.49813086719019467
0.7236246037734521
0.821555787162492
0.549258030510089
0.8645748548084686
0.7321242321592998
0.6882985192909153
0.6801902455632178
0.6123248475758056
0.7897901263789737
0.5732008218633302
0.7315419290710997
0.5376772234660316
0.7952966585692811
0.48065499736237244
0.6066162821398133
0.8584529441018393
0.8092590250944298
0.668272923865889
0.6837721360521116
0.7385944563030714
0.5589611309483351
0.7174354826443031
0.5824230135822704
0.557988425204249
0.7282639812417673
0.7633444233633172
0.8647267863667915
0.6059156094722525
0.6603702716913561
0.6923252411614547
0.7259787453173884
0.747127942993394
0.6161190648899941
0.7317429104963501
0.7640115882546935
0.6167078019284493
0.5380257679499247
0.5046243223689977
0.4963883601320507
0.7658526633517304
0.6593075921698723
0.6085237638468718
