0.719840141594757
0.7512439554365453
0.5321125801626276
0.37506788962848026
0.7864318027045162
0.5115742374005727
0.7492246721691525
0.5903847258122585
0.7494724914355961
0.31604361392901803
0.5336481460332317
0.35803951133366896
0.4825267358001243
0.7620098152517232
0.5075429744884875
0.6996236826028539
0.7692807596624537
0.49693441158998386
0.5130636687595425
0.4197103001629361
0.6204724814287164
0.528024641600036
0.7704880776460611
0.7319935042173112
0.658633227553913
0.5330953495689971
0.5503712644267328
0.7127638146538746
0.5484736365255715
0.5288458354629926
0.4170946381720373
0.5705897344016156
0.5231333678240022
0.5923006831395118
0.4816905894187707
0.4953791031474742
0.7209060764193101
0.6156379910815057
0.4386973849308496
0.41010929871282725
0.6604434655047241
0.519257142131168
0.5069461746350612
0.6291190435657161
0.5815079510721477
0.6384647620550138
0.5278620137130431
0.6638685762294139
0.5015877586645138
0.7352309295619673
0.528126109940157
0.30062655705481034
0.49799377288703905
0.5043350794770085
0.4790334411304829
0.574772114198887
0.2483382127460539
0.26380689597817275
0.5061837566058652
0.5600702487398626
0.41859341585735654
0.68165414901652
0.6958574355143846
0.6524291129855558
0.7878568508981049
0.6398750158557338
0.7251771645956413
0.6643454720231822
0.6361950640407612
0.7300087930145059
0.32966631004393854
0.39657629896669067
0.31608351562769366
0.5297427528842416
0.5804816407639577
0.3994318273522648
0.47294077199975193
0.5160762538479748
0.47735930582183067
0.534556386966509
0.3168574798411262
0.5576519974695227
0.5723647908728889
0.6922387758676969
0.7906251532234615
0.30919891658522075
0.7147968840041267
0.6950355454903581
0.6367502579131405
0.7503517935957573
0.5965482755103362
0.5087117901426205
0.574542385053109
0.44389821655980866
0.49731070899157515
0.4679557728118151
0.3336157696937819
0.5860391765842043
0.5254625602778213
0.5109832699791806