0.6099146038563464
0.8254292649656177
0.6418768332548926
0.7142281415457845
0.8434115534227076
0.6266139831808358
0.8870445402172004
0.8677537832000947
0.9700790455849133
0.9659121589113245
0.9357452876784025
0.8695032344229922
0.9197968106500808
0.6514693486787311
0.6019981295010145
0.5032221165852783
0.7018280752787216
0.6517823176160157
0.6433476323297721
0.9532074412725204
0.8659340180516014
0.689716257124738
0.3354163172264564
0.8143761547522553
0.5830133934918396
0.5636090117220207
0.5611073723760155
0.9198297798528194
0.9065653456347995
0.7094347742779439
0.7540553671680714
0.42073344081852326
0.7434145642616128
0.7651785752552439
0.7312426545407891
0.3781662064172267
0.5243691676238679
0.5819774302905821
0.5789496898601751
0.8292758727698438
0.8816943746050713
0.6114549849614799
0.1664140661064889
0.7787559035978733
0.8481670856490677
0.5510501707439635
0.6153061763463427
0.7513612324394051
0.8958469725637664
0.3005780430749948
0.9559911706049852
0.03785128046695633
0.6185267958747619
0.7706927016997137
0.8359998414900242
0.9055299591273788
0.850160115146735
0.5429732895084595
0.8037018865411066
0.33591583756862786
0.7294694125476399
0.6439361899729428
0.8879050741174939
0.5647350672202397
0.5174666910976978
0.10282159558241183
0.061691509956733476
0.09151950069226177
0.3888284850006393
0.41262178602634386
0.026367842795020198
0.8268608760406609
0.6423167817412145
0.6853032723217191
0.6856338974310776
0.5771500287532615
0.7121998044774831
0.9553627248671832
0.6484427445163763
0.7880227577405896
0.9497508869203419
0.9110626982099986
0.941451590073266
0.7072962166344987
0.2956237091590356
0.7432837707530898
0.6991004340110697
0.5129746932061938
0.04209462125385477
0.1363909692130043
0.48841137206937757
0.7790053038989848
0.7418638263440879
0.3103900242992036
0.8287854711274001
0.5191300218886322
0.5269866327080226
0.8234202110143468
0.6968529517836182
0.8551207813436933
