0.761095112668327
0.43384226940083287
0.5231832604496285
0.20606468584615678
0.6596607640578724
0.475897740890152
0.5120754925298621
0.7060457577729492
0.4913098031526805
0.4200429896459781
0.5117048245753597
0.32023220058704466
0.26128813986875804
0.739592585551867
0.41581211843625476
0.7153650629056746
0.7054692307687419
0.4283121501329876
0.5397441633931679
0.44028461618752074
0.5828852035133577
0.4684289602408835
0.6400084041917775
0.6554643731165177
0.6072306806451812
0.5139430331826176
0.5642095990392836
0.7444317550954477
0.34633075671364855
0.49968777566212463
0.4311378851234965
0.6259624362957616
0.49666283356475444
0.633646599598658
0.4240531029726831
0.5685455598065492
0.5584169800671938
0.6894840723250207
0.5060764520692491
0.4090888969996322
0.5104881411378162
0.6581712728035836
0.6538825260401941
0.6858582677700444
0.564533261944523
0.5443908767058284
0.527474685573668
0.6613550154246491
0.5186892479056936
0.7651048452249894
0.7404558039907126
0.4038008835129953
0.3965378003635351
0.42962677870670085
0.389300769010238
0.5420980620276827
0.2786499743235615
0.32784965598066806
0.2913801608268184
0.7482425443089845
0.5006989281128653
0.5693498935929623
0.6079774513703247
0.5174596269350666
0.5053846602683318
0.490157679933109
0.7719341245376037
0.5121466463964348
0.7576081268370249
0.7475479642487511
0.5828168342330602
0.43989579313470906
0.3199136715658393
0.570205171840788
0.4771664718673113
0.411382103752849
0.5820765178266064
0.5390537423782474
0.4850932305262821
0.5166448648716456
0.27701804653751677
0.5595490076984317
0.6019961468511005
0.6031852109631315
0.7306947396803647
0.41857641128117906
0.658899501967996
0.6970904429816228
0.7219646903330939
0.7319906553551635
0.5012079267985927
0.6157413788751362
0.7159465417513097
0.5181932351044236
0.489728143034291
0.43977838477176723
0.43306808977418343
0.398959925575945
0.41423140059335983
0.42370460784117