0.6994474931649952
0.9733592169307164
0.5292998463237387
0.43222638762548704
0.8074366526218372
0.5033892683674519
0.5278824260948602
0.8066158844135906
0.7522641534595643
0.7408189184263481
0.9398049343079826
0.40517121760310215
0.8779614826767871
0.7595609003072435
0.9113504373537457
0.48323158401040905
0.7875103316866863
0.7585731814876766
0.7830357343886195
0.4788465182665822
0.8620157718942222
0.9157342118073091
0.5419575008258892
0.8801937136637399
0.6211944652554205
0.5150673530990776
0.691769542934024
0.8727946140123751
0.8066544784298664
0.672135172309241
0.6398971463204666
0.46379760750937876
0.8856038489727728
0.6643397016057955
0.6129464411197906
0.5428611732813291
0.4833105622923523
0.4467551985468667
0.8782786373762658
0.9241759879031054
0.6423170267530249
0.8806231885140764
0.5245352129958258
0.5498838878250883
0.7059817254549646
0.6342293650467465
0.6183635096322638
0.8219612285024445
0.5223689744861585
0.5087949597018118
0.9577583053772317
0.5472090795825307
0.846315251704668
0.7040131728707638
0.3441798787429398
0.8174476100069045
0.48201990924461613
0.6736142067012526
0.6827407210168839
0.7927302971708431
0.6968707009177385
0.5636152491555512
0.7256270754375731
0.6346052994586584
0.8349090368697276
0.4072749042353827
0.536367948489193
0.3591521556996311
0.5281621997141492
0.36677706796834914
0.49710236086311466
0.8280562632911519
0.4630470653132302
0.6841488226126188
0.9233760711385507
0.3165806049793468
0.7378119763504533
0.9584101449555663
0.4979908527642098
0.5109550616045461
0.6456512978313231
0.6099731088167909
0.8558456900598139
0.9325752038790683
0.8381672604295378
0.8469198961207429
0.573289925659326
0.7990660708118488
0.554148413654194
0.671428988039366
0.909461789680451
0.678936916743466
0.623460475488752
0.5103759959972461
0.5272710610467916
0.7162560726875487
0.5239184581637609
0.8905038638197817
0.5658050342286677
0.565445801030377