0.7869561936306683
0.8136152093307432
0.6332697725756675
0.36811138144746564
0.7216095093179363
0.4158162518534817
0.5679874204450707
0.49842210061053316
0.5909250274872887
0.8475174078600135
0.9274031628538979
0.3494233630711121
0.7272565084769333
0.7520742660039974
0.6103158070429541
0.5007943127123822
0.5642686564219483
0.5986963365923458
0.7163774246538731
0.7598320164132815
0.5617797901653689
0.878541444670764
0.4063279275801791
0.673405004855998
0.4632997763589753
0.5380002829412761
0.4793116489783586
0.8823718965955133
0.8365084531831903
0.6024645597478605
0.6972034707245504
0.2135742167392536
0.5331025383631126
0.9215567256572997
0.6828029157767023
0.5548608228900963
0.8010391464120271
0.30493184967330456
0.5660486622913429
0.7877506545636203
0.7787280707978497
0.7182521494314948
0.5269418067638096
0.822505798228052
0.7045557640444613
0.35930876858904726
0.6901039717419494
0.9383818654406774
0.5344656547528256
0.7809700363310451
0.9503510150261997
0.6953799195414818
0.54238399776845
0.8072512032247057
0.4180463800043185
0.8565042836159057
0.2847741557996753
0.6087619673847712
0.5994151865439975
0.8176116163574294
0.6820685136219516
0.5463624839395518
0.7069527999863966
0.413629701244057
0.08935508734599337
0.15051270525604313
0.7617129921925319
0.32649050705401084
0.746791541792051
0.5141079734496039
0.08859793611596167
0.709842691788872
0.41833356020044116
0.644584028895548
0.7739817166379823
0.44225820205988536
0.8838184010320861
0.8334734954710818
0.5925927416176369
0.5382242179035385
0.6839457795549886
0.6860036237154471
0.7563390411171695
0.8144953251597011
0.6403288973677947
0.948211455101462
0.742588045261231
0.2872774655699467
0.5178855191496926
0.6142508503252588
0.5624937390078859
0.7232446101941733
0.6793983435602273
0.5369970512108033
0.7524075667283162
0.511729495948776
0.6605789212341368
0.7031946981138358
0.5284830840036299
0.5250146257209996