0.7352283669267805
0.962044612005196
0.9450044928741256
0.9305236218657904
0.8944504561608594
0.7746334715070711
0.8571466164144503
0.9219051351848819
0.9396119042462301
0.9593162899117097
0.9331214069885079
0.9698272626556976
0.9675771763902908
0.7553724836626378
0.6606088747387904
0.9025624684297899
0.9244781417611551
0.6439707749723126
0.8815781507518347
0.9217324677260904
0.9090354851438248
0.933653997973589
0.8876278124125871
0.9494074420127415
0.8907981210255613
0.6905152064845933
0.8621660153586165
0.9473720625065896
0.8807578830897699
0.8916172325999582
0.8535697322782839
0.5189028224127868
0.9712739255440543
0.9139321902158914
0.8054811103611215
0.7598297940178413
0.8867022848594499
0.5367722527056633
0.9282178560053882
0.8477652403600273
0.8820097144831314
0.9518168088703799
0.8535451278184237
0.8141000407747894
0.738236426177489
0.7368183069747681
0.7688631313792815
0.7920896680237863
0.8860731516068701
0.767901121473278
0.96217142835102
0.9729237632900258
0.9691904439354699
0.9552563724297611
0.7052732922488809
0.9206446705959818
0.8493658971307937
0.6097143383258863
0.9386041819228983
0.7306829481261811
0.8928227767156723
0.6871597933556975
0.735809056481018
0.6850012835009316
0.9091454040967215
0.45403890238033245
0.9750018270780142
0.6755117309020376
0.853443072026164
0.8406452577549421
0.7127385111975462
0.784781356983213
0.9456064981630029
0.8961150270774153
0.9561260661502896
0.554683885434558
0.780328111507864
0.8822582705704982
0.8607844756275445
0.9426879368812383
0.6736944241838261
0.8954399555760488
0.9358471211981437
0.9804161271420305
0.7614409909704956
0.9617395421992916
0.7336243520894233
0.40393407083228694
0.7562120221838897
0.9003992438531441
0.7428922988821484
0.7849827199420983
0.7137765221952591
0.67790544035321
0.7696014951967187
0.8076800197565339
0.6550049788228134
0.9330931206401013
0.9014457147526321
0.8878608712345806
