0.7479624081386398
0.5788301590568221
0.45870989218403146
0.27370549771547953
0.7752666446392071
0.5443582839545832
0.5670435306859364
0.5957812764816743
0.6904595188756187
0.6090788499128833
0.6136111894719244
0.5670835715087924
0.48334191841500673
0.6514359625304657
0.4977322137168899
0.5670872951573203
0.802123077910354
0.31410856641702095
0.32344323989518764
0.761143315096845
0.5864136824304423
0.3854220019985599
0.620605936050319
0.6577991453550054
0.5186972695810611
0.5311760337665477
0.6497877204252931
0.6356291387556678
0.48970824139633634
0.3117983528546354
0.49764022018180404
0.5972985259524353
0.5084105535542985
0.6099510439887625
0.48607848518567204
0.5812270329148039
0.762631259924689
0.7312600090437321
0.5129943684169236
0.39025258318060907
0.4883091912542042
0.5247977672732773
0.690898205656225
0.6255276650688063
0.6638755654780507
0.49741342154494217
0.6400366092219901
0.5689237966718684
0.49235727861482187
0.5088613404634316
0.7326874765369319
0.3148625868927535
0.4835116929858434
0.49353450804163895
0.39403794253910795
0.5118037939556378
0.5314010765624252
0.4400120555507581
0.3993171262657607
0.8075071214126035
0.44436352471087065
0.7022211339389368
0.6190419254035849
0.7009145974463385
0.7774372858350703
0.5083956933782556
0.8357192608831525
0.2491305199608618
0.7141782325734226
0.6420318375543718
0.13035163503990516
0.46140654045355145
0.4330949342102397
0.40695820846914216
0.6510820730126434
0.5709338603616687
0.5295358101524004
0.6527888150575711
0.44456345925855595
0.5269383996436129
0.4973503820047348
0.49998276547502096
0.6859298397526346
0.6864433794111953
0.6166773102816528
0.46864249900388066
0.593892751279938
0.6993185216853767
0.6288081474016782
0.850160383215533
0.6730475635764358
0.5363064424969372
0.740321345669914
0.4913117242723695
0.5330996568271862
0.38234012274566875
0.49055654045838865
0.3841431376125952
0.4691082646522696
0.5017136417971142
